3013
0
0
1255
D2
05
99
EE
80
07
00
00
00
1B
1B
89
71
03
00
00
00
00
00
64
00
00
00
EF
AD
49
00
00
00
00
00
B4
E8
00
00
18
00
04
00
00
00
00
E0
60
00
00
74
8D
00
00
00
00
00
00
00
00
00
00
00
00
2D
25
00
00
00
00
00
2F
06
00
00
00
00
00
00
00
00
00
00
00
27
00
00
00
00
01
00
02
00
01
00
00
00
00
44
0E
00
00
FA
FF
FF
FF
FF
07
00
00
00
30
00
00
00
00
01
00
02
00
02
00
00
00
00
53
06
00
00
00
00
00
00
00
00
00
00
00
27
00
00
00
00
01
00
02
00
03
00
00
00
00
BF
06
00
00
00
00
00
00
00
00
00
00
00
26
00
00
00
00
01
00
02
00
04
00
00
00
00
45
0E
00
00
FA
FF
FF
FF
FF
07
00
00
00
30
00
00
00
00
01
00
02
00
05
00
00
00
00
46
0E
00
00
FA
FF
FF
FF
FF
07
00
00
00
30
00
00
00
00
01
00
02
00
06
00
00
00
00
47
00
00
00
00
00
00
00
00
00
00
00
00
3E
00
00
00
00
01
00
02
00
07
00
00
00
00
86
2A
00
00
FA
FF
FF
FF
FF
07
00
00
00
37
00
00
00
00
01
00
02
00
09
00
00
00
00
2B
07
00
00
00
00
00
00
00
00
00
00
00
00
00
00
00
00
01
00
02
00
0A
00
00
00
00
4F
07
00
00
00
00
00
00
00
00
00
00
00
00
00
00
00
00
01
00
02
00
0B
00
00
00
00
07
07
00
00
00
00
00
00
00
00
00
00
00
00
00
00
00
00
01
00
02
00
0C
00
00
00
00
07
07
00
00
00
00
00
00
00
00
00
00
00
00
00
00
00
00
01
00
02
00
0D
00
00
00
00
04
00
00
00
F7
00
0E
00
00
00
00
04
00
00
00
FA
00
0F
00
00
00
00
0B
00
00
00
F6
00
10
00
00
00
00
0B
00
00
00
FA
00
11
00
00
00
00
23
61
00
00
05
00
12
00
00
00
00
1D
61
00
00
05
00
13
00
00
00
00
26
61
00
00
03
00
14
00
00
00
00
20
61
00
00
03
00
15
00
00
00
00
28
61
00
00
01
00
16
00
00
00
00
22
61
00
00
01
00
17
00
00
00
00
EC
0E
00
00
E8
03
18
00
00
00
00
E9
0E
00
00
E8
03
19
00
00
00
00
CA
0E
00
00
05
00
1A
00
00
00
00
CB
0E
00
00
05
00
1B
00
00
00
00
16
24
00
00
01
00
1C
00
00
00
00
2B
8C
00
00
01
00
1D
00
00
00
00
2D
8C
00
00
01
00
1E
00
00
00
00
2E
8C
00
00
01
00
1F
00
00
00
00
2F
8C
00
00
01
00
20
00
00
00
00
30
8C
00
00
01
00
21
00
00
00
00
31
8C
00
00
01
00
22
00
00
00
00
32
8C
00
00
01
00
23
00
00
00
00
35
8C
00
00
01
00
24
00
00
00
00
36
8C
00
00
01
00
25
00
00
00
00
30
0E
00
00
FA
FF
FF
FF
FF
07
00
00
00
4C
00
00
00
00
01
00
02
00
05
00
00
01
01
01
00
00
12
01
02
01
00
00
00
01
03
01
00
00
00
01
11
01
00
00
00
01
12
01
00
00
12
01
13
01
00
00
12
01
14
01
00
00
00
02
00
01
06
00
00
00
01
01
1E
00
00
00
01
01
6B
00
00
00
01
01
6E
00
00
00
01
01
71
00
00
00
01
01
74
00
00
00
01
01
23
01
00
00
01
02
01
00
01
00
00
00
07
81
01
00
00
10
00
18
08
01
01
01
16
00
53
4E
5F
43
4F
4E
5F
51
45
56
5F
41
4C
4C
5F
42
41
53
49
43
5F
31
01
00
00
00
00
82
01
00
00
10
00
18
08
01
01
01
16
00
53
4E
5F
43
4F
4E
5F
51
45
56
5F
41
4C
4C
5F
42
41
53
49
43
5F
32
01
00
00
00
00
83
01
00
00
10
00
18
08
01
01
01
16
00
53
4E
5F
43
4F
4E
5F
51
45
56
5F
41
4C
4C
5F
42
41
53
49
43
5F
33
01
00
00
00
00
84
01
00
00
10
00
18
08
01
01
01
16
00
53
4E
5F
43
4F
4E
5F
51
45
56
5F
41
4C
4C
5F
42
41
53
49
43
5F
34
01
00
00
00
00
85
01
00
00
10
00
58
08
01
01
01
16
00
53
4E
5F
43
4F
4E
5F
51
45
56
5F
41
4C
4C
5F
42
41
53
49
43
5F
35
01
00
00
00
00
05
49
1D
00
00
6C
1D
00
00
D5
07
00
00
05
08
00
00
1A
08
00
00
86
01
00
00
10
00
58
08
01
01
01
16
00
53
4E
5F
43
4F
4E
5F
51
45
56
5F
41
4C
4C
5F
42
41
53
49
43
5F
36
01
00
00
00
00
05
49
1D
00
00
6C
1D
00
00
D5
07
00
00
05
08
00
00
1A
08
00
00
8D
01
00
00
10
00
18
08
01
01
01
16
00
53
4E
5F
43
4F
4E
5F
51
45
56
5F
41
4C
4C
5F
42
41
53
49
43
5F
30
01
00
00
00
00
00
00
00
00
00
28
7C
C3
01
9E
67
00
00
4F
43
23
F0
92
C2
00
00
92
44
E4
E0
00
01
00
E4
E0
00
00
00
00
9A
99
99
41
01
00
70
42
00
00
C8
42
00
08
00
6E
75
67
64
72
6F
77
73
00
00
00
01
00
00
00
00
00
00
00
00
00
00
00
00
00
00
00
FF
57
08
80
01
00
00
00
00
FE
3B
04
00
00
07
09
01
4A
EA
03
00
64
02
49
6B
00
00
00
03
49
23
01
00
00
04
49
06
00
00
00
05
49
1E
00
00
00
09
49
74
00
00
00
0A
49
6E
00
00
00
1F
46
00
00
00
00
20
46
02
00
00
00
41
B2
42
B2
43
80
8A
00
01
00
01
00
00
