3013
0
0
2082
92
DD
C8
A1
7E
07
00
00
00
79
79
F5
4E
2D
1D
03
00
00
00
31
00
00
00
B7
08
39
02
00
00
00
00
6A
1C
54
00
00
00
02
00
00
00
00
2C
13
01
00
87
9B
00
00
00
00
00
00
00
00
00
00
03
00
6D
26
00
00
00
00
00
41
9B
00
00
10
A0
81
03
00
00
00
00
00
0E
01
00
00
06
A8
01
00
00
A4
06
00
00
A9
01
00
00
A4
06
00
00
A7
01
00
00
3C
00
00
00
A1
01
00
00
08
00
00
00
A3
01
00
00
C8
00
00
00
A2
01
00
00
06
00
00
00
01
00
02
00
01
00
00
00
00
6B
9B
00
00
10
00
00
00
00
00
00
00
00
11
01
00
00
06
A7
01
00
00
3C
00
00
00
A9
01
00
00
A4
06
00
00
A1
01
00
00
08
00
00
00
A3
01
00
00
C8
00
00
00
A8
01
00
00
A4
06
00
00
A2
01
00
00
08
00
00
00
01
00
02
00
02
00
00
00
00
56
9B
00
00
10
00
80
73
00
00
00
00
00
0E
01
00
00
04
A7
01
00
00
3C
00
00
00
A3
01
00
00
C8
00
00
00
A1
01
00
00
08
00
00
00
A2
01
00
00
04
00
00
00
01
00
02
00
03
00
00
00
00
95
9B
00
00
10
00
00
D0
00
00
00
00
00
0E
01
00
00
04
A3
01
00
00
C8
00
00
00
A1
01
00
00
08
00
00
00
A2
01
00
00
06
00
00
00
A7
01
00
00
3C
00
00
00
01
00
02
00
04
00
00
00
00
80
9B
00
00
10
00
00
00
00
00
00
00
00
11
01
00
00
06
A9
01
00
00
A4
06
00
00
A8
01
00
00
A4
06
00
00
A7
01
00
00
3C
00
00
00
A1
01
00
00
08
00
00
00
A3
01
00
00
C8
00
00
00
A2
01
00
00
08
00
00
00
01
00
02
00
05
00
00
00
00
AA
9B
00
00
10
E0
80
79
00
00
00
00
00
0E
01
00
00
04
A3
01
00
00
C8
00
00
00
A7
01
00
00
3C
00
00
00
A1
01
00
00
08
00
00
00
A2
01
00
00
08
00
00
00
01
00
02
00
06
00
00
00
00
49
64
00
00
1E
00
00
00
00
00
00
00
00
26
01
00
00
06
5A
00
00
00
C8
00
00
00
72
00
00
00
64
00
00
00
66
00
00
00
3C
00
00
00
B8
01
00
00
08
00
00
00
B7
01
00
00
08
00
00
00
C6
00
00
00
03
00
00
00
01
00
02
00
07
00
00
00
00
3E
00
00
00
4C
13
09
00
00
00
00
4E
9D
00
00
10
A0
01
00
00
00
00
00
00
00
00
00
00
07
AA
01
00
00
14
00
00
00
AD
01
00
00
14
00
00
00
AC
01
00
00
14
00
00
00
AE
01
00
00
14
00
00
00
AB
01
00
00
14
00
00
00
A1
01
00
00
08
00
00
00
A2
01
00
00
08
00
00
00
01
00
02
00
0A
00
00
00
00
63
9D
00
00
10
00
00
00
00
00
00
00
00
00
00
00
00
07
AC
01
00
00
14
00
00
00
AD
01
00
00
14
00
00
00
AA
01
00
00
14
00
00
00
AE
01
00
00
14
00
00
00
AB
01
00
00
14
00
00
00
A1
01
00
00
06
00
00
00
A2
01
00
00
08
00
00
00
01
00
02
00
0B
00
00
00
00
39
9D
00
00
10
00
00
00
00
00
00
00
00
00
00
00
00
07
AD
01
00
00
14
00
00
00
AE
01
00
00
14
00
00
00
AA
01
00
00
14
00
00
00
AC
01
00
00
14
00
00
00
AB
01
00
00
14
00
00
00
A1
01
00
00
06
00
00
00
A2
01
00
00
08
00
00
00
01
00
02
00
0C
00
00
00
00
39
9D
00
00
10
60
02
00
00
00
00
00
00
00
00
00
00
07
AE
01
00
00
14
00
00
00
AC
01
00
00
14
00
00
00
AD
01
00
00
14
00
00
00
AA
01
00
00
14
00
00
00
AB
01
00
00
14
00
00
00
A1
01
00
00
06
00
00
00
A2
01
00
00
06
00
00
00
01
00
02
00
0D
00
00
00
00
52
1D
40
00
05
00
0E
00
00
00
00
65
1D
40
00
09
00
0F
00
00
00
00
41
1D
00
00
02
45
1D
00
00
00
00
68
97
23
00
00
10
00
00
00
00
55
5F
00
00
05
00
00
00
00
00
00
00
00
2F
A4
1F
80
00
01
00
02
00
11
00
00
00
00
96
08
00
00
0C
00
12
00
00
00
00
D9
BA
00
00
25
00
13
00
00
00
00
A1
61
00
00
0F
00
14
00
00
00
00
81
5F
00
00
2B
00
15
00
00
00
00
BC
4C
00
00
10
27
16
00
00
00
00
A1
97
00
00
27
00
17
00
00
00
00
7F
5F
00
00
2D
00
18
00
00
00
00
BC
1B
00
00
07
00
19
00
00
00
00
1B
9A
00
00
1B
00
00
00
00
00
00
00
00
44
01
00
00
03
A4
01
00
00
3C
00
00
00
A3
01
00
00
C8
00
00
00
A5
01
00
00
64
00
00
00
01
00
02
00
1A
00
00
00
00
D3
17
00
00
09
00
1B
00
00
00
00
D2
17
00
00
0A
00
1D
00
00
00
00
0F
00
00
00
C8
00
1E
00
00
00
00
0F
00
00
00
76
00
1F
00
00
00
00
0F
00
00
00
C8
00
20
00
00
00
00
0F
00
00
00
C8
00
21
00
00
00
00
08
00
00
00
B5
00
23
00
00
00
00
08
00
00
00
C8
00
25
00
00
00
00
08
00
00
00
C8
00
29
00
00
00
00
59
0E
00
00
1A
00
2A
00
00
00
00
5A
0E
00
00
06
00
2B
00
00
00
00
3B
00
00
00
6B
17
2C
00
00
00
00
3E
00
00
00
88
13
05
02
00
00
00
00
00
95
A3
00
00
00
00
00
00
00
00
00
00
00
00
00
00
00
02
FD
00
00
00
05
00
00
00
00
01
00
00
19
00
00
00
01
00
02
00
01
00
00
00
00
97
A3
00
00
00
00
00
00
00
00
00
00
00
00
00
00
00
04
FC
00
00
00
05
00
00
00
F8
00
00
00
05
00
00
00
FF
00
00
00
19
00
00
00
F6
00
00
00
01
00
00
00
01
00
02
00
00
01
01
01
00
00
00
01
02
01
00
00
00
01
03
01
00
00
82
01
11
01
00
00
00
01
12
01
00
00
00
01
13
01
00
00
82
01
14
01
00
00
82
02
00
01
B8
03
00
00
01
01
C0
03
00
00
01
01
C8
03
00
00
01
01
D0
03
00
00
01
01
D8
03
00
00
01
01
E0
03
00
00
01
01
EB
03
00
00
01
01
F6
03
00
00
01
01
01
04
00
00
01
01
09
04
00
00
01
01
11
04
00
00
01
01
19
04
00
00
01
01
1D
04
00
00
01
01
21
04
00
00
01
01
29
04
00
00
01
01
31
04
00
00
01
01
39
04
00
00
01
01
41
04
00
00
01
01
61
05
00
00
01
01
69
05
00
00
01
01
71
05
00
00
01
01
82
05
00
00
01
01
84
05
00
00
01
01
86
05
00
00
01
01
8E
05
00
00
01
01
96
05
00
00
01
01
9E
05
00
00
01
01
0C
0D
00
00
01
01
15
0D
00
00
01
01
66
0D
00
00
01
01
95
1E
00
00
01
01
9E
1E
00
00
01
01
A3
1E
00
00
01
01
AD
1E
00
00
01
01
B6
1E
00
00
01
01
C5
1E
00
00
01
01
CC
1E
00
00
01
01
CD
1E
00
00
01
01
D6
1E
00
00
01
01
DD
1E
00
00
01
01
E3
1E
00
00
01
01
E6
1E
00
00
01
01
EF
1E
00
00
01
01
FB
1E
00
00
01
01
04
1F
00
00
01
01
0B
1F
00
00
01
01
11
1F
00
00
01
01
17
1F
00
00
01
01
1D
1F
00
00
01
01
18
20
00
00
01
01
1C
20
00
00
01
01
1F
20
00
00
01
01
2E
20
00
00
01
01
D9
85
00
00
01
01
DB
85
00
00
01
01
E1
85
00
00
01
01
E3
85
00
00
01
01
E7
85
00
00
01
01
E9
85
00
00
01
01
EB
85
00
00
01
01
7E
9C
00
00
01
01
7F
9C
00
00
01
01
80
9C
00
00
01
01
81
9C
00
00
01
01
82
9C
00
00
01
01
AD
9C
00
00
01
01
AE
9C
00
00
01
01
AF
9C
00
00
01
01
F7
E8
00
00
01
01
F8
E8
00
00
01
01
FB
E8
00
00
01
02
01
00
01
00
00
00
01
1D
00
00
00
10
00
18
01
01
01
01
17
00
53
4E
5F
43
4F
4E
5F
51
53
50
5F
41
4C
4C
5F
50
4F
54
49
4F
4E
5F
31
01
06
00
00
00
00
00
00
00
00
9E
84
06
00
A8
61
00
00
72
44
7F
6F
02
C2
00
40
80
44
1A
53
00
01
00
1A
53
00
00
00
00
9A
99
99
41
01
00
70
42
00
00
C8
42
00
07
00
4B
75
65
67
77
6F
62
00
00
00
01
00
00
00
00
00
00
00
00
00
00
00
00
00
00
00
FF
57
03
E1
05
00
00
00
00
20
FE
01
00
00
07
14
01
49
AD
9C
00
00
02
49
81
9C
00
00
03
49
80
9C
00
00
04
49
7E
9C
00
00
05
49
82
9C
00
00
06
49
EB
85
00
00
07
49
AF
9C
00
00
08
49
AE
9C
00
00
09
49
E6
1E
00
00
0A
49
7F
9C
00
00
0B
49
66
0D
00
00
0C
49
D6
1E
00
00
0D
49
17
1F
00
00
0E
49
15
0D
00
00
0F
49
FB
1E
00
00
13
49
E6
1E
00
00
14
49
7F
9C
00
00
1F
46
14
00
00
00
20
46
11
00
00
00
21
46
1E
00
00
00
41
C6
42
C6
43
80
8A
00
01
00
01
00
00
